5 431808072 1637594901.963544 1637594901.963577 1637594904.259925 2.296381 0.000033
6 411487752 1637594901.963586 1637594902.031353 1637594950.160736 48.197150 0.067767
3 406407672 1637594901.926495 1637594901.963570 1637594964.027451 62.100956 0.037075
10 416567832 1637594902.031333 1637594902.031380 1637594979.109744 77.078411 0.000047
7 441968232 1637594902.031250 1637594979.109775 1637594981.305312 79.274062 77.078525
4 447048312 1637594901.963485 1637594981.305347 1637594983.455992 81.492507 79.341862
8 421647912 1637594902.031289 1637594904.259975 1637594985.561247 83.529958 2.228686
9 426727992 1637594902.031311 1637594950.160761 1637595006.000660 103.969349 48.129450
1 401327592 1637594901.559424 1637594901.926390 1637595008.705048 107.145624 0.366966
2 436888152 1637594901.926406 1637594964.027479 1637595009.715191 107.788785 62.101073
