4 406407672 1637594397.618054 1637594397.670788 1637594469.944573 72.326519 0.052734
3 411487752 1637594397.544077 1637594397.617717 1637594471.666792 74.122715 0.073640
2 401327592 1637594397.511289 1637594397.539656 1637594479.592886 82.081597 0.028367
1 436888152 1637594397.457445 1637594397.457645 1637594490.016961 92.559516 0.000200
5 431808072 1637594397.670795 1637594397.735383 1637594502.228669 104.557874 0.064588
6 447048312 1637594397.735390 1637594469.944618 1637594550.396655 152.661265 72.209228
7 426727992 1637594397.735458 1637594471.666849 1637594558.244476 160.509018 73.931391
8 421647912 1637594397.808698 1637594479.592915 1637594565.015229 167.206531 81.784217
9 416567832 1637594397.868723 1637594490.016993 1637594575.658005 177.789282 92.148270
10 441968232 1637594397.972300 1637594502.228709 1637594576.541198 178.568898 104.256409
