4 1272 1637595387.275879 1637595387.564044 1637595387.564299 0.288420 0.288165
1 5081352 1637595386.944754 1637595387.611956 1637595387.617188 0.672434 0.667202
2 10161432 1637595387.047214 1637595387.617216 1637595387.657769 0.610555 0.570002
9 15241512 1637595387.531749 1637595387.657806 1637595387.707233 0.175484 0.126057
5 20321592 1637595387.275922 1637595387.707283 1637595387.781659 0.505737 0.431361
6 457208472 1637595387.400796 1637595387.781694 1637595390.866441 3.465645 0.380898
10 462288552 1637595387.564055 1637595390.866467 1637595393.429316 5.865261 3.302412
3 467368632 1637595387.170806 1637595393.429359 1637595395.758258 8.587452 6.258553
7 472448712 1637595387.447427 1637595395.758299 1637595398.866511 11.419084 8.310872
8 477528792 1637595387.466654 1637595398.866809 1637595401.108140 13.641486 11.400155

