5 1272 1637595470.214934 1637595470.214972 1637595470.215119 0.000185 0.000038
4 5081352 1637595470.209989 1637595470.214978 1637595470.252929 0.042940 0.004989
6 10161432 1637595470.225638 1637595470.236569 1637595470.339117 0.113479 0.010931
9 15241512 1637595470.283388 1637595470.284342 1637595470.470290 0.186902 0.000954
3 20321592 1637595470.166069 1637595470.170906 1637595470.540004 0.373935 0.004837
1 457208472 1637595470.080710 1637595470.089392 1637595475.755354 5.674644 0.008682
2 472448712 1637595470.089395 1637595470.092259 1637595475.887924 5.798529 0.002864
7 467368632 1637595470.237774 1637595470.242559 1637595476.273870 6.036096 0.004785
8 477528792 1637595470.242819 1637595470.246328 1637595476.435127 6.192308 0.003509
10 462288552 1637595470.305068 1637595470.316619 1637595476.558643 6.253575 0.011551
