1 5081352 1637595558.497861 1637595558.497988 1637595558.522785 0.024924 0.000127
5 1272 1637595558.555603 1637595558.555663 1637595558.555790 0.000187 0.000060
3 10161432 1637595558.513344 1637595558.516127 1637595558.604689 0.091345 0.002783
6 20321592 1637595558.558156 1637595558.560563 1637595558.850060 0.291904 0.002407
9 15241512 1637595558.631828 1637595558.631880 1637595558.853674 0.221846 0.000052
2 477528792 1637595558.509371 1637595558.513386 1637595564.145924 5.636553 0.004015
10 467368632 1637595558.635610 1637595558.647239 1637595564.395280 5.759670 0.011629
4 462288552 1637595558.535754 1637595558.552577 1637595564.547821 6.012067 0.016823
7 472448712 1637595558.575481 1637595558.576520 1637595564.622253 6.046772 0.001039
8 457208472 1637595558.609029 1637595558.628451 1637595564.759103 6.150074 0.019422

