1 20321592 1637594841.292983 1637594841.293108 1637594841.447222 0.154239 0.000125
7 1272 1637594841.308474 1637594841.447277 1637594841.447381 0.138907 0.138803
4 15241512 1637594841.301393 1637594841.301515 1637594841.452635 0.151242 0.000122
10 5081352 1637594841.309714 1637594841.447398 1637594841.504284 0.194570 0.137684
6 10161432 1637594841.305537 1637594841.452686 1637594841.545877 0.240340 0.147149
5 472448712 1637594841.302926 1637594841.303000 1637594847.378915 6.075989 0.000074
9 467368632 1637594841.309691 1637594841.545914 1637594847.866507 6.556816 0.236223
2 457208472 1637594841.295582 1637594841.295656 1637594847.885235 6.589653 0.000074
3 477528792 1637594841.299901 1637594841.300007 1637594848.487625 7.187724 0.000106
8 462288552 1637594841.308782 1637594841.504324 1637594848.653889 7.345107 0.195542
