3 1272 1637594658.430997 1637594658.443621 1637594658.443762 0.012765 0.012624
6 15241512 1637594658.461971 1637594658.519008 1637594660.249582 1.787611 0.057037
2 5081352 1637594658.420993 1637594658.430993 1637594660.297630 1.876637 0.010000
4 20321592 1637594658.431052 1637594658.461935 1637594661.302452 2.871400 0.030883
8 10161432 1637594658.544931 1637594660.297668 1637594662.492954 3.948023 1.752737
7 462288552 1637594658.519014 1637594660.249616 1637594775.085630 116.566616 1.730602
9 457208472 1637594658.565534 1637594661.302484 1637594783.749961 125.184427 2.736950
5 467368632 1637594658.443629 1637594658.461940 1637594789.603916 131.160287 0.018311
10 472448712 1637594658.578217 1637594662.492985 1637594791.759235 133.181018 3.914768
1 477528792 1637594658.409496 1637594658.420723 1637594793.887049 135.477553 0.011227
