1 457208472 1637595234.221702 1637595234.223046 1637595243.398691 9.176989 0.001344
2 462288552 1637595234.221861 1637595243.398742 1637595254.428383 20.206522 9.176881
3 10161432 1637595234.221897 1637595254.428461 1637595254.636187 20.414290 20.206564
4 1272 1637595234.221929 1637595254.636218 1637595254.636326 20.414397 20.414289
5 467368632 1637595234.222749 1637595254.636353 1637595270.485154 36.262405 20.413604
6 477528792 1637595234.222783 1637595270.485197 1637595282.871648 48.648865 36.262414
7 5081352 1637595234.222985 1637595282.871679 1637595283.071844 48.848859 48.648694
8 472448712 1637595234.223002 1637595283.071907 1637595297.411300 63.188298 48.848905
9 15241512 1637595234.223018 1637595297.411328 1637595297.593165 63.370147 63.188310
10 20321592 1637595234.223031 1637595297.593197 1637595297.989413 63.766382 63.370166
