4 15241512 1637594277.776461 1637594277.832510 1637594280.244366 2.467905 0.056049
3 25401672 1637594277.765223 1637594277.776461 1637594280.638344 2.873121 0.011238
2 5081352 1637594277.759721 1637594277.765218 1637594280.750206 2.990485 0.005497
8 1272 1637594277.918074 1637594280.750242 1637594280.750331 2.832257 2.832168
9 20321592 1637594277.918130 1637594280.750347 1637594283.297092 5.378962 2.832217
6 30481752 1637594277.832522 1637594280.244433 1637594283.355539 5.523017 2.411911
5 40641912 1637594277.818940 1637594277.832517 1637594283.360807 5.541867 0.013577
7 35561832 1637594277.878187 1637594280.638370 1637594284.118838 6.240651 2.760183
10 10161432 1637594278.041223 1637594283.297118 1637594284.171922 6.130699 5.255895
1 45721992 1637594277.733832 1637594277.765217 1637594284.349394 6.615562 0.031385
