3 15241512 1637595128.644642 1637595128.664250 1637595129.436381 0.791739 0.019608
10 1272 1637595130.118323 1637595130.963660 1637595130.963830 0.845507 0.845337
5 10161432 1637595128.752354 1637595129.414559 1637595131.005805 2.253451 0.662205
1 30481752 1637595128.246517 1637595128.371714 1637595131.544653 3.298136 0.125197
2 20321592 1637595128.371730 1637595128.644635 1637595131.705800 3.334070 0.272905
8 5081352 1637595129.432121 1637595130.963870 1637595132.791543 3.359422 1.531749
4 35561832 1637595128.664255 1637595129.414562 1637595132.802144 4.137889 0.750307
7 25401672 1637595129.429635 1637595131.005838 1637595134.405594 4.975959 1.576203
9 40641912 1637595129.677123 1637595131.544692 1637595136.235891 6.558768 1.867569
6 45721992 1637595129.414565 1637595131.705828 1637595137.196767 7.782202 2.291263
